0.001                    10896.43002
0.011                    500.42635
0.021                    178.75063
0.031                    94.77573
0.041                    59.97378
0.051                    42.07
0.061                    31.41895
0.071                    24.59726
0.081                    19.90373
0.091                    16.52573
0.101                    14.0251
0.111                    12.08582
0.121                    10.56878
0.131                    9.35038
0.141                    8.35837
0.151                    7.54451
0.161                    6.85234
0.171                    6.26871
0.181                    5.77433
0.191                    5.34039
