0.0040                   6.732320356778791E-12    3.178983595008133E-10
0.0050                   6.056528322747907E-12    3.414938422476773E-10
0.0060                   5.599788421028646E-12    3.590916451645572E-10
0.0070                   5.264364759953575E-12    3.727916178006869E-10
0.0080                   5.0043152795477505E-12   3.837796453451765E-10
0.009000000000000001     4.794674553489254E-12    3.927848786404044E-10
0.01                     4.6207126539706474E-12   4.002949522660467E-10
0.011                    4.473154454680503E-12    4.066296126150245E-10
0.012                    4.345530994189208E-12    4.120383581077362E-10
0.013000000000000001     4.2336768442673354E-12   4.1668522445919584E-10
0.014                    4.134346152738745E-12    4.2070293223659223E-10
0.015                    4.0452462590398585E-12   4.241938893254498E-10
0.016                    3.964575669577511E-12    4.2723989301167826E-10
