1                   49283.81747160928
11                    43252.29020500214
21                    33036.500766758145
31                    27273.755275052594
41                    23507.487039072003
51.000000000000004     20816.72511155949
61                    18776.773178534106
71.00000000000001      17168.900848490943
81                    15859.964963596605
91                    14770.871276111204
101                    13846.480591944186
111                    13048.951753651221
121                    12355.81549284963
131                    11744.802388547483
141.00000000000001      11201.009348788619
151                    10712.945991003915
161                    10273.694755723707
171                    9872.57634136595
181                    9508.331262976593
191                    9173.180704318132
