1.0                   85.245969537842
11                    236.56045291033993
21                    278.7632790527636
31                    303.266001616959
41                    320.7921437795022
51.000000000000004     334.57935261005946
61                    345.892191375651
71.00000000000001      355.37052744644046
81                    363.7269628234051
91                    371.0560196644106
101                    377.6696966374522
111                    383.4389242860779
121                    388.7765851434324
131                    393.76661263583946
141.00000000000001      398.37630110827604
151                    402.6911867959426
161                    408.69097113824745
171                    412.35972769862644
181                    415.8907389334617
191                    419.0868608523171
